10
0 0 0
0 1 34
0 2 10
0 3 75
0 4 69
0 5 84
0 6 19
0 7 99
0 8 100
0 9 95
1 0 34
1 1 0
1 2 59
1 3 79
1 4 64
1 5 12
1 6 23
1 7 10
1 8 63
1 9 33
2 0 10
2 1 59
2 2 0
2 3 98
2 4 52
2 5 49
2 6 94
2 7 77
2 8 96
2 9 100
3 0 75
3 1 79
3 2 98
3 3 0
3 4 84
3 5 23
3 6 36
3 7 27
3 8 28
3 9 27
4 0 69
4 1 64
4 2 52
4 3 84
4 4 0
4 5 19
4 6 64
4 7 71
4 8 11
4 9 24
5 0 84
5 1 12
5 2 49
5 3 23
5 4 19
5 5 0
5 6 24
5 7 73
5 8 36
5 9 10
6 0 19
6 1 23
6 2 94
6 3 36
6 4 64
6 5 24
6 6 0
6 7 23
6 8 59
6 9 11
7 0 99
7 1 10
7 2 77
7 3 27
7 4 71
7 5 73
7 6 23
7 7 0
7 8 48
7 9 90
8 0 100
8 1 63
8 2 96
8 3 28
8 4 11
8 5 36
8 6 59
8 7 48
8 8 0
8 9 34
9 0 95
9 1 33
9 2 100
9 3 27
9 4 24
9 5 10
9 6 11
9 7 90
9 8 34
9 9 0
