15
0 0 0
0 1 86
0 2 62
0 3 48
0 4 95
0 5 19
0 6 13
0 7 93
0 8 75
0 9 25
0 10 78
0 11 66
0 12 31
0 13 59
0 14 53
1 0 86
1 1 0
1 2 75
1 3 14
1 4 43
1 5 55
1 6 78
1 7 89
1 8 95
1 9 39
1 10 84
1 11 70
1 12 79
1 13 90
1 14 38
2 0 62
2 1 75
2 2 0
2 3 59
2 4 61
2 5 72
2 6 85
2 7 84
2 8 98
2 9 31
2 10 46
2 11 65
2 12 23
2 13 11
2 14 100
3 0 48
3 1 14
3 2 59
3 3 0
3 4 28
3 5 11
3 6 60
3 7 56
3 8 54
3 9 77
3 10 90
3 11 76
3 12 20
3 13 94
3 14 63
4 0 95
4 1 43
4 2 61
4 3 28
4 4 0
4 5 28
4 6 77
4 7 85
4 8 25
4 9 28
4 10 23
4 11 37
4 12 15
4 13 100
4 14 45
5 0 19
5 1 55
5 2 72
5 3 11
5 4 28
5 5 0
5 6 16
5 7 38
5 8 92
5 9 46
5 10 40
5 11 78
5 12 25
5 13 89
5 14 73
6 0 13
6 1 78
6 2 85
6 3 60
6 4 77
6 5 16
6 6 0
6 7 67
6 8 28
6 9 21
6 10 60
6 11 49
6 12 91
6 13 26
6 14 100
7 0 93
7 1 89
7 2 84
7 3 56
7 4 85
7 5 38
7 6 67
7 7 0
7 8 100
7 9 66
7 10 36
7 11 37
7 12 24
7 13 29
7 14 98
8 0 75
8 1 95
8 2 98
8 3 54
8 4 25
8 5 92
8 6 28
8 7 100
8 8 0
8 9 38
8 10 90
8 11 73
8 12 38
8 13 84
8 14 40
9 0 25
9 1 39
9 2 31
9 3 77
9 4 28
9 5 46
9 6 21
9 7 66
9 8 38
9 9 0
9 10 91
9 11 70
9 12 55
9 13 70
9 14 26
10 0 78
10 1 84
10 2 46
10 3 90
10 4 23
10 5 40
10 6 60
10 7 36
10 8 90
10 9 91
10 10 0
10 11 22
10 12 45
10 13 64
10 14 30
11 0 66
11 1 70
11 2 65
11 3 76
11 4 37
11 5 78
11 6 49
11 7 37
11 8 73
11 9 70
11 10 22
11 11 0
11 12 56
11 13 53
11 14 55
12 0 31
12 1 79
12 2 23
12 3 20
12 4 15
12 5 25
12 6 91
12 7 24
12 8 38
12 9 55
12 10 45
12 11 56
12 12 0
12 13 44
12 14 56
13 0 59
13 1 90
13 2 11
13 3 94
13 4 100
13 5 89
13 6 26
13 7 29
13 8 84
13 9 70
13 10 64
13 11 53
13 12 44
13 13 0
13 14 41
14 0 53
14 1 38
14 2 100
14 3 63
14 4 45
14 5 73
14 6 100
14 7 98
14 8 40
14 9 26
14 10 30
14 11 55
14 12 56
14 13 41
14 14 0
