20
0 0 0
0 1 10
0 2 70
0 3 86
0 4 60
0 5 32
0 6 21
0 7 73
0 8 21
0 9 24
0 10 84
0 11 69
0 12 13
0 13 15
0 14 86
0 15 42
0 16 10
0 17 65
0 18 53
0 19 32
1 0 10
1 1 0
1 2 91
1 3 57
1 4 58
1 5 81
1 6 18
1 7 17
1 8 16
1 9 91
1 10 31
1 11 75
1 12 82
1 13 78
1 14 62
1 15 94
1 16 22
1 17 94
1 18 23
1 19 73
2 0 70
2 1 91
2 2 0
2 3 90
2 4 27
2 5 12
2 6 81
2 7 60
2 8 86
2 9 63
2 10 90
2 11 52
2 12 48
2 13 23
2 14 55
2 15 15
2 16 59
2 17 66
2 18 36
2 19 11
3 0 86
3 1 57
3 2 90
3 3 0
3 4 83
3 5 80
3 6 100
3 7 44
3 8 40
3 9 83
3 10 64
3 11 99
3 12 96
3 13 28
3 14 52
3 15 26
3 16 53
3 17 55
3 18 10
3 19 70
4 0 60
4 1 58
4 2 27
4 3 83
4 4 0
4 5 22
4 6 91
4 7 30
4 8 11
4 9 37
4 10 40
4 11 14
4 12 61
4 13 12
4 14 75
4 15 100
4 16 17
4 17 32
4 18 77
4 19 58
5 0 32
5 1 81
5 2 12
5 3 80
5 4 22
5 5 0
5 6 25
5 7 30
5 8 100
5 9 10
5 10 76
5 11 11
5 12 33
5 13 25
5 14 18
5 15 62
5 16 88
5 17 13
5 18 57
5 19 99
6 0 21
6 1 18
6 2 81
6 3 100
6 4 91
6 5 25
6 6 0
6 7 58
6 8 54
6 9 99
6 10 89
6 11 74
6 12 11
6 13 18
6 14 86
6 15 88
6 16 15
6 17 82
6 18 29
6 19 77
7 0 73
7 1 17
7 2 60
7 3 44
7 4 30
7 5 30
7 6 58
7 7 0
7 8 90
7 9 28
7 10 28
7 11 15
7 12 21
7 13 10
7 14 99
7 15 77
7 16 84
7 17 52
7 18 34
7 19 14
8 0 21
8 1 16
8 2 86
8 3 40
8 4 11
8 5 100
8 6 54
8 7 90
8 8 0
8 9 40
8 10 47
8 11 15
8 12 48
8 13 49
8 14 74
8 15 26
8 16 30
8 17 92
8 18 30
8 19 82
9 0 24
9 1 91
9 2 63
9 3 83
9 4 37
9 5 10
9 6 99
9 7 28
9 8 40
9 9 0
9 10 97
9 11 73
9 12 23
9 13 81
9 14 22
9 15 37
9 16 60
9 17 64
9 18 58
9 19 42
10 0 84
10 1 31
10 2 90
10 3 64
10 4 40
10 5 76
10 6 89
10 7 28
10 8 47
10 9 97
10 10 0
10 11 60
10 12 83
10 13 90
10 14 95
10 15 49
10 16 93
10 17 95
10 18 62
10 19 66
11 0 69
11 1 75
11 2 52
11 3 99
11 4 14
11 5 11
11 6 74
11 7 15
11 8 15
11 9 73
11 10 60
11 11 0
11 12 64
11 13 59
11 14 54
11 15 68
11 16 23
11 17 20
11 18 93
11 19 73
12 0 13
12 1 82
12 2 48
12 3 96
12 4 61
12 5 33
12 6 11
12 7 21
12 8 48
12 9 23
12 10 83
12 11 64
12 12 0
12 13 53
12 14 34
12 15 56
12 16 38
12 17 23
12 18 89
12 19 28
13 0 15
13 1 78
13 2 23
13 3 28
13 4 12
13 5 25
13 6 18
13 7 10
13 8 49
13 9 81
13 10 90
13 11 59
13 12 53
13 13 0
13 14 75
13 15 20
13 16 64
13 17 92
13 18 96
13 19 87
14 0 86
14 1 62
14 2 55
14 3 52
14 4 75
14 5 18
14 6 86
14 7 99
14 8 74
14 9 22
14 10 95
14 11 54
14 12 34
14 13 75
14 14 0
14 15 95
14 16 26
14 17 47
14 18 27
14 19 85
15 0 42
15 1 94
15 2 15
15 3 26
15 4 100
15 5 62
15 6 88
15 7 77
15 8 26
15 9 37
15 10 49
15 11 68
15 12 56
15 13 20
15 14 95
15 15 0
15 16 40
15 17 67
15 18 77
15 19 71
16 0 10
16 1 22
16 2 59
16 3 53
16 4 17
16 5 88
16 6 15
16 7 84
16 8 30
16 9 60
16 10 93
16 11 23
16 12 38
16 13 64
16 14 26
16 15 40
16 16 0
16 17 92
16 18 80
16 19 61
17 0 65
17 1 94
17 2 66
17 3 55
17 4 32
17 5 13
17 6 82
17 7 52
17 8 92
17 9 64
17 10 95
17 11 20
17 12 23
17 13 92
17 14 47
17 15 67
17 16 92
17 17 0
17 18 94
17 19 33
18 0 53
18 1 23
18 2 36
18 3 10
18 4 77
18 5 57
18 6 29
18 7 34
18 8 30
18 9 58
18 10 62
18 11 93
18 12 89
18 13 96
18 14 27
18 15 77
18 16 80
18 17 94
18 18 0
18 19 48
19 0 32
19 1 73
19 2 11
19 3 70
19 4 58
19 5 99
19 6 77
19 7 14
19 8 82
19 9 42
19 10 66
19 11 73
19 12 28
19 13 87
19 14 85
19 15 71
19 16 61
19 17 33
19 18 48
19 19 0
